Steps,1000, 2000, 3000, 4000, 5000, 6000, 7000, 8000, 9000, 10000, 11000, 12000, 13000, 14000, 15000, 16000, 17000, 18000, 19000, 20000, 21000, 22000, 23000, 24000, 25000, 26000, 27000, 28000, 29000, 30000, 31000, 32000, 33000, 34000, 35000, 36000, 37000, 38000, 39000, 40000, 41000, 42000, 43000, 44000, 45000, 46000, 47000, 48000, 49000, 50000, 51000, 52000, 53000, 54000, 55000, 56000, 57000, 58000, 59000, 60000, 61000, 62000, 63000, 64000, 65000, 66000, 67000, 68000, 69000, 70000, 71000, 72000, 73000, 74000, 75000, 76000, 77000, 78000, 79000, 80000, 81000, 82000, 83000, 84000, 85000, 86000, 87000, 88000, 89000, 90000, 91000, 92000, 93000, 94000, 95000, 96000, 97000, 98000, 99000, 100000, 101000, 102000, 103000, 104000, 105000, 106000, 107000, 108000, 109000, 110000, 111000, 112000, 113000, 114000, 115000, 116000, 117000, 118000, 119000, 120000, 121000, 122000, 123000, 124000, 125000, 126000, 127000, 128000, 129000, 130000, 131000, 132000, 133000, 134000, 135000, 136000, 137000, 138000, 139000, 140000, 141000, 142000, 143000, 144000, 145000, 146000, 147000, 148000, 149000, 150000, 151000, 152000, 153000, 154000, 155000, 156000, 157000, 158000, 159000, 160000, 161000, 162000, 163000, 164000, 165000, 166000, 167000, 168000, 169000, 170000, 171000, 172000, 173000, 174000, 175000, 176000, 177000, 178000, 179000, 180000, 181000, 182000, 183000, 184000, 185000, 186000, 187000, 188000, 189000, 190000, 191000, 192000, 193000, 194000, 195000, 196000, 197000, 198000, 199000, 200000, 201000, 202000, 203000, 204000, 205000, 206000, 207000, 208000, 209000, 210000, 211000, 212000, 213000, 214000, 215000, 216000, 217000, 218000, 219000, 220000, 221000, 222000, 223000, 224000, 225000, 226000, 227000, 228000, 229000, 230000, 231000, 232000, 233000, 234000, 235000, 236000, 237000, 238000, 239000, 240000, 241000, 242000, 243000, 244000, 245000, 246000, 247000, 248000, 249000, 250000, 251000, 252000, 253000, 254000, 255000, 256000, 257000, 258000, 259000, 260000, 261000, 262000, 263000, 264000, 265000, 266000, 267000, 268000, 269000, 270000, 271000, 272000, 273000, 274000, 275000, 276000, 277000, 278000, 279000, 280000, 281000, 282000, 283000, 284000, 285000, 286000, 287000, 288000, 289000, 290000, 291000, 292000, 293000, 294000, 295000, 296000, 297000, 298000, 299000, 300000, 301000, 302000, 303000, 304000, 305000, 306000, 307000, 308000, 309000, 310000, 311000, 312000, 313000, 314000, 315000, 316000, 317000, 318000, 319000, 320000, 321000, 322000, 323000, 324000, 325000, 326000, 327000, 328000, 329000, 330000, 331000, 332000, 333000, 334000, 335000, 336000, 337000, 338000, 339000, 340000, 341000, 342000, 343000, 344000, 345000, 346000, 347000, 348000, 349000, 350000, 351000, 352000, 353000, 354000, 355000, 356000, 357000, 358000, 359000, 360000, 361000, 362000, 363000, 364000, 365000, 366000, 367000, 368000, 369000, 370000, 371000, 372000, 373000, 374000, 375000, 376000, 377000, 378000, 379000, 380000, 381000, 382000, 383000, 384000, 385000, 386000, 387000, 388000, 389000, 390000, 391000, 392000, 393000, 394000, 395000, 396000, 397000, 398000, 399000, 400000, 401000, 402000, 403000, 404000, 405000, 406000, 407000, 408000, 409000, 410000, 411000, 412000, 413000, 414000, 415000, 416000, 417000, 418000, 419000, 420000, 421000, 422000, 423000, 424000, 425000, 426000, 427000, 428000, 429000, 430000, 431000, 432000, 433000, 434000, 435000, 436000, 437000, 438000, 439000, 440000, 441000, 442000, 443000, 444000, 445000, 446000, 447000, 448000, 449000, 450000, 451000, 452000, 453000, 454000, 455000, 456000, 457000, 458000, 459000, 460000, 461000, 462000, 463000, 464000, 465000, 466000, 467000, 468000, 469000, 470000, 471000, 472000, 473000, 474000, 475000, 476000, 477000, 478000, 479000, 480000, 481000, 482000, 483000, 484000, 485000, 486000, 487000, 488000, 489000, 490000, 491000, 492000, 493000, 494000, 495000, 496000, 497000, 498000, 499000, 500000, 501000, 502000, 503000, 504000, 505000, 506000, 507000, 508000, 509000, 510000, 511000, 512000, 513000, 514000, 515000, 516000, 517000, 518000, 519000, 520000, 521000, 522000, 523000, 524000, 525000, 526000, 527000, 528000, 529000, 530000, 531000, 532000, 533000, 534000, 535000, 536000, 537000, 538000, 539000, 540000, 541000, 542000, 543000, 544000, 545000, 546000, 547000, 548000, 549000, 550000, 551000, 552000, 553000, 554000, 555000, 556000, 557000, 558000, 559000, 560000, 561000, 562000, 563000, 564000, 565000, 566000, 567000, 568000, 569000, 570000, 571000, 572000, 573000, 574000, 575000, 576000, 577000, 578000, 579000, 580000, 581000, 582000, 583000, 584000, 585000, 586000, 587000, 588000, 589000, 590000, 591000, 592000, 593000, 594000, 595000, 596000, 597000, 598000, 599000, 600000, 601000, 602000, 603000, 604000, 605000, 606000, 607000, 608000, 609000, 610000, 611000, 612000, 613000, 614000, 615000, 616000, 617000, 618000, 619000, 620000, 621000, 622000, 623000, 624000, 625000, 626000, 627000, 628000, 629000, 630000, 631000, 632000, 633000, 634000, 635000, 636000, 637000, 638000, 639000, 640000, 641000, 642000, 643000, 644000, 645000, 646000, 647000, 648000, 649000, 650000, 651000, 652000, 653000, 654000, 655000, 656000, 657000, 658000, 659000, 660000, 661000, 662000, 663000, 664000, 665000, 666000, 667000, 668000, 669000, 670000, 671000, 672000, 673000, 674000, 675000, 676000, 677000, 678000, 679000, 680000, 681000, 682000, 683000, 684000, 685000, 686000, 687000, 688000, 689000, 690000, 691000, 692000, 693000, 694000, 695000, 696000, 697000, 698000, 699000, 700000, 701000, 702000, 703000, 704000, 705000, 706000, 707000, 708000, 709000, 710000, 711000, 712000, 713000, 714000, 715000, 716000, 717000, 718000, 719000, 720000, 721000, 722000, 723000, 724000, 725000, 726000, 727000, 728000, 729000, 730000, 731000, 732000, 733000, 734000, 735000, 736000, 737000, 738000, 739000, 740000, 741000, 742000, 743000, 744000, 745000, 746000, 747000, 748000, 749000, 750000, 751000, 752000, 753000, 754000, 755000, 756000, 757000, 758000, 759000, 760000, 761000, 762000, 763000, 764000, 765000, 766000, 767000, 768000, 769000, 770000, 771000, 772000, 773000, 774000, 775000, 776000, 777000, 778000, 779000, 780000, 781000, 782000, 783000, 784000, 785000, 786000, 787000, 788000, 789000, 790000, 791000, 792000, 793000, 794000, 795000, 796000, 797000, 798000, 799000, 800000, 801000, 802000, 803000, 804000, 805000, 806000, 807000, 808000, 809000, 810000, 811000, 812000, 813000, 814000, 815000, 816000, 817000, 818000, 819000, 820000, 821000, 822000, 823000, 824000, 825000, 826000, 827000, 828000, 829000, 830000, 831000, 832000, 833000, 834000, 835000, 836000, 837000, 838000, 839000, 840000, 841000, 842000, 843000, 844000, 845000, 846000, 847000, 848000, 849000, 850000, 851000, 852000, 853000, 854000, 855000, 856000, 857000, 858000, 859000, 860000, 861000, 862000, 863000, 864000, 865000, 866000, 867000, 868000, 869000, 870000, 871000, 872000, 873000, 874000, 875000, 876000, 877000, 878000, 879000, 880000, 881000, 882000, 883000, 884000, 885000, 886000, 887000, 888000, 889000, 890000, 891000, 892000, 893000, 894000, 895000, 896000, 897000, 898000, 899000, 900000
Times,0.103173, 0.210576, 0.319433, 0.423071, 0.528385, 0.634546, 0.739334, 0.847469, 0.951637, 1.05519, 1.16494, 1.27047, 1.37725, 1.48348, 1.59064, 1.69935, 1.80522, 1.91184, 2.0155, 2.12158, 2.22718, 2.33471, 2.4428, 2.54951, 2.65663, 2.76451, 2.87184, 2.97906, 3.08762, 3.19126, 3.29599, 3.39967, 3.50676, 3.61356, 3.71869, 3.82269, 3.9288, 4.03387, 4.14258, 4.24788, 4.35596, 4.46085, 4.56649, 4.67195, 4.7768, 4.88148, 4.98839, 5.09126, 5.19761, 5.30275, 5.40844, 5.51772, 5.62094, 5.72988, 5.83513, 5.94421, 6.05286, 6.16169, 6.26851, 6.37412, 6.47801, 6.58078, 6.68569, 6.78714, 6.8939, 7.00586, 7.11189, 7.21923, 7.32504, 7.43195, 7.53259, 7.63778, 7.74249, 7.84912, 7.95156, 8.05829, 8.16597, 8.26997, 8.375, 8.48413, 8.59229, 8.69463, 8.80018, 8.90542, 9.00795, 9.11181, 9.21414, 9.32019, 9.42503, 9.52983, 9.63936, 9.74515, 9.85099, 9.95499, 10.0624, 10.1687, 10.2756, 10.3787, 10.4853, 10.5921, 10.7058, 10.8144, 10.9159, 11.0206, 11.126, 11.2317, 11.3371, 11.4436, 11.5494, 11.6548, 11.7603, 11.8657, 11.9687, 12.0693, 12.1752, 12.2846, 12.3908, 12.4965, 12.6021, 12.708, 12.8103, 12.9167, 13.022, 13.1252, 13.2337, 13.3383, 13.4452, 13.5518, 13.6556, 13.7624, 13.8679, 13.9762, 14.0832, 14.1888, 14.294, 14.3988, 14.5066, 14.6127, 14.717, 14.8235, 14.9316, 15.0395, 15.1444, 15.2508, 15.3543, 15.4625, 15.5705, 15.6761, 15.783, 15.8898, 15.9975, 16.104, 16.2125, 16.3186, 16.4262, 16.5323, 16.6403, 16.7469, 16.8536, 16.9603, 17.0654, 17.1747, 17.2822, 17.3904, 17.4971, 17.5987, 17.7021, 17.809, 17.9171, 18.0186, 18.1234, 18.2317, 18.34, 18.4488, 18.558, 18.6665, 18.7758, 18.8831, 18.984, 19.0897, 19.1918, 19.2959, 19.4035, 19.5112, 19.6172, 19.7227, 19.8285, 19.9368, 20.0437, 20.1498, 20.2555, 20.3632, 20.4721, 20.576, 20.6827, 20.7887, 20.8964, 21.0047, 21.1096, 21.218, 21.3301, 21.4342, 21.5391, 21.643, 21.7501, 21.8549, 21.9615, 22.0681, 22.1724, 22.2798, 22.3865, 22.4872, 22.5958, 22.7008, 22.8101, 22.9181, 23.0254, 23.1289, 23.2354, 23.343, 23.4498, 23.5548, 23.6581, 23.7665, 23.8729, 23.9737, 24.0794, 24.1866, 24.2928, 24.3985, 24.5013, 24.6068, 24.7119, 24.816, 24.9231, 25.0283, 25.1365, 25.2447, 25.3502, 25.4556, 25.5618, 25.6661, 25.7746, 25.8787, 25.9855, 26.0937, 26.1997, 26.3066, 26.4176, 26.5251, 26.6332, 26.7358, 26.8417, 26.9516, 27.0573, 27.1673, 27.2745, 27.3779, 27.4801, 27.5873, 27.696, 27.8052, 27.9173, 28.023, 28.1253, 28.2304, 28.337, 28.4411, 28.5473, 28.6508, 28.7583, 28.8656, 28.9735, 29.0806, 29.1847, 29.291, 29.3969, 29.499, 29.6042, 29.7127, 29.8212, 29.9239, 30.0302, 30.1378, 30.2455, 30.3508, 30.4576, 30.5641, 30.6694, 30.7771, 30.8826, 30.9883, 31.0939, 31.2013, 31.3063, 31.4123, 31.5199, 31.6292, 31.7326, 31.842, 31.952, 32.0584, 32.1666, 32.2726, 32.3792, 32.4864, 32.593, 32.7009, 32.8053, 32.9076, 33.0147, 33.1208, 33.2261, 33.333, 33.4367, 33.5416, 33.6479, 33.7527, 33.8572, 33.9626, 34.0669, 34.1748, 34.2795, 34.3844, 34.4895, 34.595, 34.7012, 34.8091, 34.9124, 35.0155, 35.1226, 35.2308, 35.3332, 35.4401, 35.5488, 35.6577, 35.7625, 35.8679, 35.975, 36.0836, 36.1906, 36.2992, 36.4098, 36.5155, 36.6224, 36.7303, 36.8381, 36.9417, 37.049, 37.1562, 37.2619, 37.3655, 37.467, 37.5735, 37.6818, 37.7856, 37.8941, 38.0011, 38.1039, 38.2106, 38.3167, 38.4228, 38.5265, 38.6342, 38.7415, 38.843, 38.9482, 39.053, 39.1588, 39.2653, 39.3741, 39.4834, 39.5876, 39.6947, 39.8016, 39.9117, 40.0216, 40.1276, 40.234, 40.3362, 40.4412, 40.5455, 40.6514, 40.7597, 40.8652, 40.97, 41.0771, 41.184, 41.2872, 41.3931, 41.5007, 41.6065, 41.7148, 41.8164, 41.9213, 42.0304, 42.1368, 42.2418, 42.3463, 42.4526, 42.5658, 42.6707, 42.7748, 42.88, 42.9885, 43.094, 43.2011, 43.3089, 43.4155, 43.5189, 43.6263, 43.7327, 43.8403, 43.9482, 44.0547, 44.1612, 44.2679, 44.3739, 44.4843, 44.5912, 44.6968, 44.8052, 44.9131, 45.0184, 45.1261, 45.2312, 45.3355, 45.4397, 45.5441, 45.6513, 45.7597, 45.8651, 45.9672, 46.0702, 46.1783, 46.2834, 46.3893, 46.497, 46.6042, 46.7106, 46.8146, 46.9233, 47.0291, 47.1349, 47.2429, 47.3462, 47.4521, 47.558, 47.6653, 47.771, 47.8769, 47.9832, 48.0891, 48.1912, 48.2964, 48.4032, 48.5104, 48.6149, 48.7209, 48.828, 48.9317, 49.0401, 49.1459, 49.2482, 49.3535, 49.4576, 49.5607, 49.6682, 49.7738, 49.8799, 49.989, 50.091, 50.1981, 50.3044, 50.4041, 50.5081, 50.6164, 50.7225, 50.829, 50.9373, 51.0449, 51.15, 51.2575, 51.3671, 51.474, 51.5776, 51.6852, 51.7883, 51.8953, 52.0028, 52.1096, 52.2149, 52.3233, 52.4317, 52.5349, 52.6382, 52.7478, 52.8523, 52.9585, 53.0622, 53.1808, 53.2858, 53.3953, 53.5014, 53.6113, 53.7168, 53.8224, 53.9324, 54.037, 54.1413, 54.2486, 54.3533, 54.4642, 54.5704, 54.6759, 54.7842, 54.8917, 55.0021, 55.1054, 55.2139, 55.3232, 55.4294, 55.5347, 55.6436, 55.7497, 55.8556, 55.9588, 56.0656, 56.1717, 56.2791, 56.3853, 56.4935, 56.598, 56.7042, 56.8088, 56.9162, 57.0217, 57.1263, 57.2334, 57.3423, 57.4457, 57.5542, 57.6629, 57.7692, 57.8763, 57.9857, 58.0876, 58.1933, 58.3022, 58.409, 58.5166, 58.6226, 58.7293, 58.8359, 58.9419, 59.05, 59.153, 59.2577, 59.363, 59.4706, 59.5774, 59.6851, 59.7924, 59.8998, 60.0069, 60.1126, 60.2191, 60.3235, 60.4276, 60.5354, 60.6399, 60.7483, 60.8543, 60.9591, 61.063, 61.1659, 61.2704, 61.3755, 61.4871, 61.5921, 61.698, 61.8034, 61.9082, 62.0141, 62.1224, 62.226, 62.3283, 62.4335, 62.5381, 62.6487, 62.7528, 62.8623, 62.9669, 63.0695, 63.1744, 63.2814, 63.3881, 63.4917, 63.6002, 63.7085, 63.8197, 63.926, 64.0356, 64.1422, 64.2448, 64.3498, 64.455, 64.5641, 64.6696, 64.7753, 64.88, 64.9886, 65.0938, 65.1999, 65.3066, 65.4107, 65.5185, 65.6264, 65.7301, 65.8358, 65.9396, 66.0483, 66.1562, 66.262, 66.3695, 66.4776, 66.5842, 66.6911, 66.7931, 66.8989, 67.0055, 67.1139, 67.2176, 67.3221, 67.4252, 67.5324, 67.6413, 67.7505, 67.858, 67.9644, 68.0678, 68.1754, 68.2812, 68.3912, 68.4973, 68.6035, 68.7117, 68.8175, 68.9201, 69.0225, 69.1291, 69.2362, 69.341, 69.4471, 69.5539, 69.6603, 69.7659, 69.8691, 69.9753, 70.084, 70.1918, 70.3003, 70.4061, 70.5098, 70.617, 70.7223, 70.8275, 70.9336, 71.0416, 71.1464, 71.2536, 71.3619, 71.4672, 71.5706, 71.6756, 71.7806, 71.8869, 71.9926, 72.1021, 72.2056, 72.3122, 72.4192, 72.5237, 72.6326, 72.7394, 72.8441, 72.9506, 73.0567, 73.1644, 73.2706, 73.3762, 73.4798, 73.5841, 73.6891, 73.796, 73.906, 74.0123, 74.1192, 74.2214, 74.3278, 74.4394, 74.544, 74.6519, 74.7588, 74.8645, 74.9724, 75.0782, 75.1836, 75.2889, 75.3931, 75.5015, 75.6075, 75.7134, 75.8172, 75.9253, 76.0311, 76.1391, 76.2474, 76.3516, 76.4555, 76.5617, 76.6693, 76.7722, 76.8783, 76.9832, 77.0894, 77.1941, 77.3002, 77.4044, 77.5101, 77.6179, 77.7224, 77.8254, 77.9272, 78.0373, 78.1477, 78.257, 78.3618, 78.4728, 78.5779, 78.6854, 78.7929, 78.9005, 79.0079, 79.1143, 79.224, 79.3322, 79.4371, 79.5425, 79.6497, 79.7571, 79.863, 79.9662, 80.0744, 80.1822, 80.2864, 80.3951, 80.498, 80.6034, 80.7093, 80.8141, 80.9199, 81.0259, 81.132, 81.2426, 81.3478, 81.4538, 81.5619, 81.6674, 81.7739, 81.879, 81.9844, 82.0916, 82.1961, 82.3044, 82.4133, 82.5171, 82.6199, 82.7298, 82.8348, 82.9414, 83.0488, 83.1546, 83.2606, 83.3621, 83.4677, 83.5753, 83.6799, 83.7842, 83.8913, 83.9948, 84.0986, 84.2048, 84.31, 84.4131, 84.52, 84.6242, 84.7315, 84.8364, 84.9396, 85.0545, 85.1626, 85.2684, 85.3775, 85.4802, 85.5892, 85.6946, 85.8022, 85.9093, 86.012, 86.1188, 86.2245, 86.329, 86.4354, 86.5388, 86.6441, 86.7525, 86.8583, 86.9695, 87.0755, 87.1826, 87.2881, 87.3926, 87.4949, 87.6034, 87.7122, 87.8183, 87.9233, 88.0305, 88.1387, 88.248, 88.3536, 88.4626, 88.5726, 88.6774, 88.7855, 88.8919, 88.9932, 89.0992, 89.2043, 89.3097, 89.4116, 89.5142, 89.6203, 89.7255, 89.8323, 89.9358, 90.0419, 90.1478, 90.2572, 90.3629, 90.4723, 90.5813, 90.6921, 90.7972, 90.9044, 91.0094, 91.1168, 91.221, 91.329, 91.4367, 91.5457, 91.653, 91.7586, 91.864, 91.9695, 92.0746, 92.1812, 92.2879, 92.3947, 92.5023, 92.6084, 92.7181, 92.8234, 92.9328, 93.0425, 93.1477, 93.2515, 93.3571, 93.4622, 93.569, 93.6729, 93.7778, 93.8847, 93.9896, 94.0965, 94.2023, 94.3078, 94.4119, 94.5188, 94.6224, 94.7255, 94.8338, 94.9391, 95.0443, 95.1496, 95.2576, 95.3632, 95.4692, 95.5756
<Sz>,0.015625, 0.015625, 0, 0.015625, 0.015625, 0.015625, 0, 0.015625, 0.0078125, 0.0078125, 0, 0.0234375, 0.015625, 0, 0.03125, 0.03125, 0.0078125, 0.0078125, 0, 0.0078125, 0.0078125, 0.0234375, 0, 0.03125, 0, 0.015625, 0.015625, 0.0078125, 0.0078125, 0.03125, 0.0078125, 0, 0.0234375, 0.0078125, 0.0078125, 0.0078125, 0, 0.0078125, 0.0078125, 0.0078125, 0.015625, 0.015625, 0.03125, 0.0078125, 0.0234375, 0.0078125, 0, 0.015625, 0, 0.0078125, 0, 0.015625, 0, 0, 0.015625, 0, 0.0078125, 0, 0.015625, 0.015625, 0.0078125, 0, 0.0078125, 0.0078125, 0.0078125, 0.0078125, 0.0390625, 0.0078125, 0.0234375, 0, 0.015625, 0.015625, 0.015625, 0.015625, 0.0234375, 0.0078125, 0, 0.0078125, 0.0234375, 0.0078125, 0.03125, 0, 0.015625, 0.0390625, 0, 0.0234375, 0.015625, 0.0234375, 0.03125, 0.015625, 0, 0.0078125, 0, 0.0234375, 0.0078125, 0.015625, 0.0078125, 0.0078125, 0.0234375, 0, 0.0078125, 0, 0.015625, 0.0234375, 0.0078125, 0.0078125, 0.015625, 0.015625, 0.0078125, 0.0078125, 0.0234375, 0.0078125, 0.0234375, 0.0078125, 0.0234375, 0.0078125, 0.015625, 0.015625, 0, 0, 0.03125, 0, 0.03125, 0.0234375, 0, 0.0234375, 0.0234375, 0.015625, 0, 0.0234375, 0.0390625, 0.03125, 0, 0.015625, 0.0078125, 0.015625, 0.0078125, 0.0078125, 0.0078125, 0, 0.015625, 0.015625, 0.015625, 0.0078125, 0.0078125, 0.015625, 0.0078125, 0.015625, 0.0078125, 0, 0.0078125, 0, 0.015625, 0.0078125, 0.015625, 0.015625, 0.0234375, 0, 0.015625, 0.015625, 0.015625, 0.0078125, 0.015625, 0.015625, 0.0234375, 0.0234375, 0, 0, 0.0078125, 0.0078125, 0.0078125, 0.0234375, 0.0234375, 0.0078125, 0.0078125, 0.0078125, 0.0234375, 0.0078125, 0, 0, 0, 0.015625, 0.0078125, 0.0390625, 0, 0.0078125, 0.0078125, 0.015625, 0.0078125, 0, 0.0078125, 0.015625, 0.015625, 0.0078125, 0.0078125, 0.0078125, 0.0078125, 0, 0, 0.0078125, 0.015625, 0, 0.0078125, 0, 0.015625, 0.0234375, 0.0078125, 0, 0.0078125, 0, 0.015625, 0.015625, 0, 0.0078125, 0.0078125, 0.0078125, 0, 0, 0.0078125, 0.015625, 0.015625, 0.015625, 0.0078125, 0.0078125, 0, 0.0234375, 0.015625, 0.0078125, 0, 0.015625, 0.0078125, 0, 0.015625, 0.0078125, 0, 0.0234375, 0.015625, 0, 0, 0, 0.015625, 0.0078125, 0, 0.0078125, 0, 0, 0.0078125, 0, 0, 0.0078125, 0, 0, 0.0078125, 0.015625, 0.03125, 0.0078125, 0.0078125, 0.0078125, 0.0078125, 0.0078125, 0.015625, 0.0234375, 0.0078125, 0.015625, 0.0234375, 0.0234375, 0.015625, 0.015625, 0.0078125, 0.0234375, 0.0078125, 0.0078125, 0, 0.0078125, 0.0078125, 0.015625, 0.0078125, 0.015625, 0, 0, 0.0078125, 0.015625, 0.0078125, 0.0234375, 0.0078125, 0.015625, 0.015625, 0.0078125, 0.0078125, 0, 0.0078125, 0.0078125, 0.015625, 0.0390625, 0.03125, 0, 0, 0, 0.0234375, 0.0234375, 0.015625, 0.0078125, 0.03125, 0.015625, 0, 0, 0.015625, 0.046875, 0.015625, 0.0234375, 0.015625, 0, 0.0078125, 0.0390625, 0.0078125, 0, 0.0078125, 0.0078125, 0, 0, 0, 0, 0.0078125, 0.0078125, 0, 0.015625, 0.0078125, 0.015625, 0.015625, 0.0234375, 0.0078125, 0, 0.0078125, 0, 0.0234375, 0.015625, 0.0078125, 0.015625, 0.0234375, 0.03125, 0, 0.015625, 0.0234375, 0, 0.0078125, 0.0078125, 0, 0, 0.0234375, 0.0234375, 0.0078125, 0.0078125, 0.015625, 0, 0.015625, 0.0078125, 0.0078125, 0.0234375, 0.015625, 0.0078125, 0.015625, 0.0078125, 0.0234375, 0.03125, 0, 0.015625, 0.0078125, 0.015625, 0.0234375, 0, 0.0078125, 0.0234375, 0.0234375, 0, 0, 0.0078125, 0.015625, 0.0234375, 0.0390625, 0.03125, 0.0078125, 0.0078125, 0.0234375, 0.015625, 0.0078125, 0, 0.0234375, 0.0234375, 0.0078125, 0.0078125, 0, 0.015625, 0.015625, 0, 0.0078125, 0.0078125, 0.0078125, 0, 0.0078125, 0.0078125, 0.0078125, 0.015625, 0, 0.0078125, 0, 0.0078125, 0, 0.0234375, 0.015625, 0, 0.0234375, 0.015625, 0, 0, 0.0078125, 0.015625, 0.015625, 0.0234375, 0.0078125, 0.015625, 0.0078125, 0.0234375, 0.0078125, 0.0234375, 0, 0.015625, 0.0234375, 0, 0.015625, 0.0078125, 0.0078125, 0.03125, 0.0078125, 0.03125, 0, 0.03125, 0, 0.015625, 0.03125, 0, 0.015625, 0.015625, 0.0078125, 0.015625, 0.015625, 0, 0.0078125, 0.0078125, 0, 0.0078125, 0.0234375, 0, 0.0078125, 0.0078125, 0, 0.0078125, 0, 0.0078125, 0, 0.0078125, 0.015625, 0, 0, 0.0078125, 0.0078125, 0.0078125, 0, 0.015625, 0.0390625, 0.0078125, 0.0078125, 0.0390625, 0.0234375, 0.0234375, 0.0234375, 0.0078125, 0.015625, 0, 0.015625, 0.0078125, 0.0234375, 0.0234375, 0.015625, 0.0078125, 0.015625, 0.0234375, 0.0234375, 0.015625, 0.0078125, 0.015625, 0.0078125, 0.015625, 0, 0.015625, 0.0234375, 0.0234375, 0, 0.0234375, 0.0078125, 0.015625, 0.0078125, 0.0078125, 0.0078125, 0.015625, 0, 0.015625, 0.015625, 0, 0.015625, 0.0078125, 0.03125, 0.0078125, 0.015625, 0.0078125, 0.0234375, 0, 0.03125, 0.0078125, 0, 0.0078125, 0.03125, 0.0078125, 0.0078125, 0.0078125, 0.015625, 0.015625, 0.0078125, 0.0078125, 0.0234375, 0.0078125, 0.015625, 0.0078125, 0.0078125, 0, 0.0234375, 0.015625, 0.015625, 0.0078125, 0.0078125, 0.015625, 0.0078125, 0.015625, 0.015625, 0.0078125, 0.015625, 0.0078125, 0.015625, 0, 0.0234375, 0, 0.015625, 0, 0, 0, 0.015625, 0, 0.03125, 0.0078125, 0.0078125, 0, 0.0078125, 0.0078125, 0.0078125, 0.03125, 0.0078125, 0, 0.015625, 0, 0.0078125, 0, 0.0078125, 0.03125, 0.0078125, 0.0234375, 0.0078125, 0.0234375, 0.0234375, 0.015625, 0.015625, 0, 0, 0, 0.0078125, 0.0078125, 0.0078125, 0.0078125, 0.015625, 0.0078125, 0.0078125, 0, 0.0234375, 0, 0.0078125, 0.0078125, 0, 0.015625, 0, 0.0234375, 0.0078125, 0.015625, 0, 0.015625, 0.0078125, 0.015625, 0.0078125, 0.0234375, 0.0078125, 0.0234375, 0.0078125, 0.0078125, 0.03125, 0.0078125, 0.0078125, 0.0078125, 0, 0.0078125, 0.0078125, 0.0234375, 0.015625, 0, 0.015625, 0.015625, 0.015625, 0.0234375, 0.0234375, 0, 0.03125, 0, 0.0078125, 0.0234375, 0.0078125, 0.015625, 0, 0.0078125, 0, 0.0078125, 0.0234375, 0.015625, 0, 0.0078125, 0.0078125, 0.015625, 0.0234375, 0.015625, 0, 0.0078125, 0.0234375, 0, 0.0078125, 0.0078125, 0.015625, 0.03125, 0.015625, 0.0078125, 0.03125, 0.015625, 0.0234375, 0.0078125, 0.0234375, 0.0078125, 0, 0.015625, 0.015625, 0.0078125, 0.0078125, 0.03125, 0.015625, 0.0078125, 0.0078125, 0.0078125, 0, 0.0078125, 0.0078125, 0.0234375, 0.0078125, 0.0234375, 0.0234375, 0.0078125, 0.0078125, 0, 0.0234375, 0, 0.015625, 0, 0, 0.03125, 0.0234375, 0.0234375, 0.0078125, 0.015625, 0.0078125, 0.0078125, 0.0078125, 0, 0, 0.03125, 0.0078125, 0, 0.015625, 0.0078125, 0.03125, 0.0078125, 0.015625, 0.015625, 0, 0.015625, 0.0078125, 0.0078125, 0.0078125, 0, 0.015625, 0.0078125, 0.015625, 0.0234375, 0.0078125, 0.0078125, 0.03125, 0, 0, 0.0078125, 0, 0, 0.0078125, 0.0078125, 0, 0, 0.015625, 0.0078125, 0, 0.015625, 0.0078125, 0.0078125, 0.0234375, 0.015625, 0.0078125, 0, 0, 0, 0.0234375, 0.0234375, 0.015625, 0.0078125, 0, 0.0078125, 0.015625, 0, 0.015625, 0, 0.0078125, 0, 0, 0.015625, 0.015625, 0.015625, 0, 0.015625, 0.015625, 0.0078125, 0, 0, 0.015625, 0.03125, 0.0078125, 0, 0.0078125, 0.0078125, 0, 0.0234375, 0, 0, 0.015625, 0, 0.0078125, 0.0078125, 0.015625, 0.015625, 0.0078125, 0, 0.0078125, 0, 0.0078125, 0, 0.015625, 0, 0.0078125, 0.0078125, 0, 0.0234375, 0, 0.0078125, 0.0234375, 0.0078125, 0.015625, 0.0234375, 0.0078125, 0.0390625, 0.015625, 0, 0, 0.0234375, 0.015625, 0, 0, 0.0078125, 0.0234375, 0.0078125, 0.0078125, 0.015625, 0.0234375, 0.0234375, 0, 0, 0.0078125, 0, 0, 0.015625, 0.015625, 0.0234375, 0.0078125, 0.03125, 0, 0.015625, 0.0078125, 0.0078125, 0.015625, 0.0078125, 0.0078125, 0.015625, 0.0234375, 0, 0.0078125, 0, 0, 0, 0, 0.0234375, 0.0078125, 0, 0, 0, 0.015625, 0.0078125, 0, 0, 0.0078125, 0.0078125, 0.015625, 0, 0.0234375, 0.015625, 0.046875, 0.015625, 0.0078125, 0.015625, 0.015625, 0.0234375, 0.0234375, 0.0078125, 0.03125, 0.0078125, 0, 0.0234375, 0.0078125, 0.0078125, 0.0078125, 0, 0.015625, 0.0078125, 0.015625, 0.015625, 0, 0.0078125, 0.0078125, 0.0078125, 0.0078125, 0.015625, 0, 0.0078125, 0, 0, 0.015625, 0.03125, 0, 0.015625, 0.0078125, 0.015625, 0.015625, 0.0078125, 0, 0.03125, 0, 0.0078125, 0.0078125, 0, 0.0078125, 0.0078125, 0.0078125, 0.015625, 0, 0
<Sx>,1, 1, 1, 1, 1, 1, 1, 1, 1, 1, 1, 1, 1, 1, 1, 1, 1, 1, 1, 1, 1, 1, 1, 1, 1, 1, 1, 1, 1, 1, 1, 1, 1, 1, 1, 1, 1, 1, 1, 1, 1, 1, 1, 1, 1, 1, 1, 1, 1, 1, 1, 1, 1, 1, 1, 1, 1, 1, 1, 1, 1, 1, 1, 1, 1, 1, 1, 1, 1, 1, 1, 1, 1, 1, 1, 1, 1, 1, 1, 1, 1, 1, 1, 1, 1, 1, 1, 1, 1, 1, 1, 1, 1, 1, 1, 1, 1, 1, 1, 1, 1, 1, 1, 1, 1, 1, 1, 1, 1, 1, 1, 1, 1, 1, 1, 1, 1, 1, 1, 1, 1, 1, 1, 1, 1, 1, 1, 1, 1, 1, 1, 1, 1, 1, 1, 1, 1, 1, 1, 1, 1, 1, 1, 1, 1, 1, 1, 1, 1, 1, 1, 1, 1, 1, 1, 1, 1, 1, 1, 1, 1, 1, 1, 1, 1, 1, 1, 1, 1, 1, 1, 1, 1, 1, 1, 1, 1, 1, 1, 1, 1, 1, 1, 1, 1, 1, 1, 1, 1, 1, 1, 1, 1, 1, 1, 1, 1, 1, 1, 1, 1, 1, 1, 1, 1, 1, 1, 1, 1, 1, 1, 1, 1, 1, 1, 1, 1, 1, 1, 1, 1, 1, 1, 1, 1, 1, 1, 1, 1, 1, 1, 1, 1, 1, 1, 1, 1, 1, 1, 1, 1, 1, 1, 1, 1, 1, 1, 1, 1, 1, 1, 1, 1, 1, 1, 1, 1, 1, 1, 1, 1, 1, 1, 1, 1, 1, 1, 1, 1, 1, 1, 1, 1, 1, 1, 1, 1, 1, 1, 1, 1, 1, 1, 1, 1, 1, 1, 1, 1, 1, 1, 1, 1, 1, 1, 1, 1, 1, 1, 1, 1, 1, 1, 1, 1, 1, 1, 1, 1, 1, 1, 1, 1, 1, 1, 1, 1, 1, 1, 1, 1, 1, 1, 1, 1, 1, 1, 1, 1, 1, 1, 1, 1, 1, 1, 1, 1, 1, 1, 1, 1, 1, 1, 1, 1, 1, 1, 1, 1, 1, 1, 1, 1, 1, 1, 1, 1, 1, 1, 1, 1, 1, 1, 1, 1, 1, 1, 1, 1, 1, 1, 1, 1, 1, 1, 1, 1, 1, 1, 1, 1, 1, 1, 1, 1, 1, 1, 1, 1, 1, 1, 1, 1, 1, 1, 1, 1, 1, 1, 1, 1, 1, 1, 1, 1, 1, 1, 1, 1, 1, 1, 1, 1, 1, 1, 1, 1, 1, 1, 1, 1, 1, 1, 1, 1, 1, 1, 1, 1, 1, 1, 1, 1, 1, 1, 1, 1, 1, 1, 1, 1, 1, 1, 1, 1, 1, 1, 1, 1, 1, 1, 1, 1, 1, 1, 1, 1, 1, 1, 1, 1, 1, 1, 1, 1, 1, 1, 1, 1, 1, 1, 1, 1, 1, 1, 1, 1, 1, 1, 1, 1, 1, 1, 1, 1, 1, 1, 1, 1, 1, 1, 1, 1, 1, 1, 1, 1, 1, 1, 1, 1, 1, 1, 1, 1, 1, 1, 1, 1, 1, 1, 1, 1, 1, 1, 1, 1, 1, 1, 1, 1, 1, 1, 1, 1, 1, 1, 1, 1, 1, 1, 1, 1, 1, 1, 1, 1, 1, 1, 1, 1, 1, 1, 1, 1, 1, 1, 1, 1, 1, 1, 1, 1, 1, 1, 1, 1, 1, 1, 1, 1, 1, 1, 1, 1, 1, 1, 1, 1, 1, 1, 1, 1, 1, 1, 1, 1, 1, 1, 1, 1, 1, 1, 1, 1, 1, 1, 1, 1, 1, 1, 1, 1, 1, 1, 1, 1, 1, 1, 1, 1, 1, 1, 1, 1, 1, 1, 1, 1, 1, 1, 1, 1, 1, 1, 1, 1, 1, 1, 1, 1, 1, 1, 1, 1, 1, 1, 1, 1, 1, 1, 1, 1, 1, 1, 1, 1, 1, 1, 1, 1, 1, 1, 1, 1, 1, 1, 1, 1, 1, 1, 1, 1, 1, 1, 1, 1, 1, 1, 1, 1, 1, 1, 1, 1, 1, 1, 1, 1, 1, 1, 1, 1, 1, 1, 1, 1, 1, 1, 1, 1, 1, 1, 1, 1, 1, 1, 1, 1, 1, 1, 1, 1, 1, 1, 1, 1, 1, 1, 1, 1, 1, 1, 1, 1, 1, 1, 1, 1, 1, 1, 1, 1, 1, 1, 1, 1, 1, 1, 1, 1, 1, 1, 1, 1, 1, 1, 1, 1, 1, 1, 1, 1, 1, 1, 1, 1, 1, 1, 1, 1, 1, 1, 1, 1, 1, 1, 1, 1, 1, 1, 1, 1, 1, 1, 1, 1, 1, 1, 1, 1, 1, 1, 1, 1, 1, 1, 1, 1, 1, 1, 1, 1, 1, 1, 1, 1, 1, 1, 1, 1, 1, 1, 1, 1, 1, 1, 1, 1, 1, 1, 1, 1, 1, 1, 1, 1, 1, 1, 1, 1, 1, 1, 1, 1, 1, 1, 1, 1, 1, 1, 1, 1, 1, 1, 1, 1, 1, 1, 1, 1, 1, 1, 1, 1, 1, 1, 1, 1, 1, 1, 1, 1, 1, 1, 1, 1, 1, 1, 1, 1, 1, 1, 1, 1, 1, 1, 1, 1, 1, 1, 1, 1, 1, 1, 1, 1, 1, 1, 1, 1, 1, 1, 1, 1, 1, 1, 1, 1, 1, 1, 1, 1, 1, 1, 1, 1, 1, 1, 1, 1, 1, 1, 1, 1, 1, 1, 1, 1, 1, 1, 1, 1, 1, 1, 1, 1, 1, 1, 1
